'BPP    14'
     136
    1000
     696         1
     686         2
     683         1
     675         1
     674         1
     670         2
     669         1
     668         1
     665         1
     663         2
     662         1
     657         1
     653         1
     649         2
     641         1
     632         2
     627         1
     622         1
     621         1
     620         1
     619         2
     614         1
     612         1
     608         1
     606         1
     605         1
     603         2
     599         2
     598         1
     597         2
     595         1
     593         1
     575         1
     566         1
     558         1
     556         1
     551         1
     544         2
     521         1
     518         1
     514         2
     505         1
     499         1
     496         1
     494         1
     491         2
     490         1
     484         1
     480         1
     474         1
     473         2
     466         1
     462         2
     457         1
     448         1
     430         2
     429         1
     423         1
     419         1
     408         1
     405         1
     403         1
     399         1
     390         1
     389         1
     387         1
     383         1
     382         1
     381         1
     378         1
     370         1
     364         1
     359         2
     358         1
     341         1
     340         1
     339         1
     335         2
     328         1
     323         1
     321         1
     320         1
     318         1
     305         1
     303         2
     293         1
     290         1
     286         1
     283         1
     273         1
     268         1
     263         1
     252         1
     239         1
     231         1
     230         1
     228         1
     224         2
     221         1
     211         2
     210         1
     209         1
     208         1
     205         1
     197         1
     193         2
     185         1
     184         1
     182         1
     173         1
     166         1
     142         1
     133         1
     123         1
     120         2
     115         1
     109         1
      95         1
      92         1
      77         1
      72         1
      69         1
      59         1
      57         1
      45         1
      40         1
      39         1
      32         1
      31         1
      29         1
      28         1
      24         1
      22         3
      18         1
      17         1
      11         1
'BPP   832'
     139
    1000
     696         1
     694         1
     689         2
     683         1
     680         1
     678         1
     674         1
     672         1
     670         1
     669         1
     668         1
     666         1
     664         1
     661         1
     646         2
     645         1
     642         1
     639         1
     627         1
     607         1
     606         1
     600         1
     597         1
     595         2
     585         1
     577         1
     575         1
     573         1
     572         1
     569         1
     546         1
     539         1
     534         2
     528         1
     523         1
     522         2
     507         2
     502         2
     501         3
     492         1
     484         2
     478         1
     470         1
     467         1
     464         1
     458         1
     454         1
     453         1
     449         1
     447         1
     446         1
     434         1
     432         1
     430         2
     429         1
     428         1
     426         1
     421         1
     416         1
     412         1
     405         1
     403         1
     402         1
     400         1
     391         1
     389         1
     387         1
     383         1
     382         2
     379         1
     377         1
     374         1
     365         1
     364         1
     362         1
     354         1
     348         1
     346         1
     345         1
     340         1
     338         1
     337         1
     331         1
     329         1
     318         1
     315         2
     306         1
     304         1
     301         1
     299         1
     288         1
     287         2
     285         1
     283         1
     270         1
     266         1
     262         1
     261         1
     259         2
     255         1
     254         1
     249         1
     246         1
     245         1
     232         2
     229         1
     214         1
     213         1
     207         1
     204         1
     196         2
     187         1
     186         1
     178         1
     170         1
     159         1
     155         1
     152         1
     138         2
     128         1
     126         1
     123         1
     118         2
     117         1
     115         1
     111         2
      98         1
      93         1
      91         1
      89         1
      87         1
      76         1
      68         1
      64         1
      55         1
      15         2
      14         1
       9         1
       6         1
'BPP    40'
     144
    1000
     789         1
     787         1
     786         1
     781         1
     777         1
     774         1
     773         1
     770         1
     763         2
     757         1
     753         1
     748         1
     727         1
     726         1
     716         1
     707         1
     703         1
     700         1
     695         1
     681         1
     676         2
     675         2
     664         1
     661         1
     654         2
     649         1
     645         1
     639         1
     626         1
     620         1
     613         1
     612         1
     605         2
     601         1
     589         1
     586         1
     577         1
     562         1
     561         1
     548         1
     536         1
     523         1
     511         1
     500         1
     498         2
     493         1
     488         1
     484         2
     483         1
     482         1
     478         1
     464         1
     461         2
     458         1
     438         1
     436         1
     434         1
     431         1
     420         1
     419         1
     416         1
     415         1
     414         1
     413         1
     410         1
     400         1
     393         1
     385         1
     373         2
     372         1
     369         1
     351         2
     342         1
     321         1
     320         2
     317         1
     313         1
     307         1
     301         1
     300         1
     299         1
     288         1
     275         1
     270         1
     267         1
     260         1
     257         1
     256         1
     253         2
     248         1
     237         1
     234         1
     227         1
     216         1
     214         1
     208         1
     202         1
     192         1
     191         1
     188         1
     173         1
     169         1
     164         1
     160         1
     155         1
     151         1
     145         1
     140         1
     131         1
     130         1
     127         1
     124         1
     117         1
     116         1
     108         2
     107         1
     106         1
      97         1
      94         1
      92         1
      86         1
      80         1
      77         1
      76         1
      75         1
      73         2
      70         1
      67         1
      62         1
      59         1
      54         1
      53         1
      50         2
      49         1
      48         1
      46         1
      41         1
      40         2
      32         1
      29         1
      28         1
      27         1
      24         1
      19         1
'BPP   360'
     148
    1000
     795         1
     794         1
     788         1
     786         1
     780         1
     779         1
     776         1
     768         1
     757         1
     751         1
     746         1
     732         1
     729         1
     724         2
     720         1
     712         1
     701         1
     699         1
     692         1
     683         1
     680         1
     676         1
     674         1
     657         1
     656         1
     653         1
     645         1
     644         1
     642         1
     640         1
     639         1
     637         1
     632         1
     624         1
     622         1
     618         1
     616         1
     603         1
     594         1
     593         1
     588         1
     581         1
     580         1
     577         1
     572         1
     566         1
     563         1
     558         1
     550         1
     548         1
     547         1
     545         1
     540         1
     538         1
     512         1
     508         1
     507         1
     502         1
     500         1
     491         1
     485         1
     481         1
     478         2
     472         1
     465         2
     464         1
     451         1
     450         1
     444         1
     439         1
     430         1
     429         1
     428         1
     411         1
     409         2
     384         1
     380         1
     378         1
     372         1
     371         1
     370         1
     354         1
     351         2
     350         2
     338         1
     330         1
     321         1
     314         1
     306         1
     299         1
     285         1
     284         1
     281         1
     280         1
     275         1
     253         1
     248         1
     234         1
     232         2
     215         1
     212         1
     207         1
     199         1
     195         1
     192         1
     187         1
     185         1
     183         1
     176         1
     172         1
     171         1
     170         1
     168         1
     166         1
     165         1
     162         1
     156         2
     153         1
     141         1
     135         1
     126         1
     125         1
     121         1
     115         1
     110         2
     109         1
     103         1
     100         1
      98         1
      96         1
      91         1
      90         1
      83         1
      72         1
      69         1
      56         1
      55         1
      54         1
      52         1
      51         1
      48         2
      37         1
      36         1
      23         2
      21         1
      20         2
      16         1
      12         1
'BPP   645'
     141
    1000
     793         1
     791         1
     771         1
     755         1
     752         1
     750         1
     748         2
     746         1
     723         1
     720         1
     709         1
     695         1
     694         1
     682         1
     680         2
     678         1
     659         1
     650         1
     649         1
     637         2
     630         1
     616         1
     608         1
     600         1
     599         1
     598         1
     597         1
     592         1
     591         2
     578         1
     577         1
     571         1
     567         1
     556         1
     540         1
     536         1
     532         1
     527         1
     525         1
     515         1
     512         2
     511         1
     504         1
     501         2
     500         1
     498         1
     494         1
     469         1
     466         1
     460         1
     456         1
     455         1
     452         1
     449         1
     439         1
     429         1
     423         2
     416         1
     414         1
     407         1
     406         1
     405         1
     403         1
     400         1
     398         2
     394         1
     384         1
     383         1
     381         1
     376         1
     374         2
     370         2
     368         1
     367         1
     362         2
     361         1
     360         1
     349         1
     325         1
     320         2
     316         1
     309         1
     308         1
     303         1
     299         1
     291         1
     288         2
     284         1
     282         1
     276         1
     275         1
     255         1
     246         1
     242         1
     235         1
     224         1
     214         1
     210         1
     198         1
     189         2
     175         2
     174         1
     173         1
     151         1
     145         1
     143         1
     137         1
     136         2
     135         1
     129         2
     125         1
     116         1
     113         1
     110         1
     105         2
     102         1
      96         1
      92         1
      87         1
      82         1
      78         1
      74         2
      61         1
      60         1
      54         1
      53         1
      49         1
      47         1
      40         1
      39         1
      34         1
      31         1
      27         1
      22         1
      19         1
      13         1
      11         1
       9         1
       6         1
       5         1
       3         1
'BPP   742'
     148
    1000
     800         1
     796         1
     788         1
     777         1
     774         1
     773         1
     769         1
     753         1
     751         1
     748         1
     741         1
     736         1
     731         1
     726         1
     717         1
     716         1
     714         1
     708         1
     707         1
     699         1
     693         1
     690         2
     689         1
     688         1
     683         1
     681         3
     679         1
     667         1
     659         1
     656         1
     651         1
     649         1
     644         1
     630         1
     629         1
     615         1
     599         1
     584         1
     564         1
     561         1
     558         1
     552         1
     531         1
     526         1
     525         1
     523         1
     518         1
     517         1
     515         1
     513         1
     512         1
     503         3
     502         1
     500         2
     499         1
     498         1
     493         2
     487         1
     484         1
     476         1
     470         1
     462         1
     453         1
     449         1
     448         1
     446         1
     440         1
     439         1
     438         1
     434         1
     433         1
     431         2
     424         1
     410         1
     405         1
     404         1
     403         1
     378         1
     377         1
     372         1
     369         1
     366         1
     360         1
     358         1
     356         1
     345         1
     332         1
     321         1
     320         1
     308         1
     294         1
     291         1
     290         1
     285         1
     282         1
     273         1
     269         1
     263         1
     260         2
     258         1
     252         1
     238         1
     237         1
     234         1
     226         1
     225         1
     218         1
     211         1
     200         1
     196         2
     195         1
     191         1
     179         1
     173         1
     169         1
     158         1
     153         1
     148         1
     146         1
     142         1
     137         1
     136         1
     132         1
     131         1
     123         1
     120         1
     117         1
     106         1
     102         1
     100         1
      98         1
      94         1
      91         1
      89         1
      88         2
      75         1
      74         1
      68         1
      48         1
      46         1
      45         2
      39         1
      29         1
      28         1
      27         1
      21         1
      15         1
      12         1
'BPP   766'
     143
    1000
     800         2
     798         1
     788         1
     758         1
     755         1
     754         1
     752         1
     747         1
     742         1
     734         1
     731         1
     726         1
     722         1
     717         1
     716         1
     704         1
     699         1
     698         1
     695         1
     682         1
     671         1
     670         1
     669         1
     668         1
     667         1
     650         1
     645         1
     644         1
     643         1
     634         1
     630         2
     621         1
     617         1
     610         1
     588         1
     585         1
     574         1
     569         1
     548         1
     544         1
     541         1
     537         1
     519         1
     516         1
     506         1
     501         1
     498         2
     496         1
     495         1
     489         1
     483         1
     473         1
     469         1
     464         1
     460         1
     458         1
     449         1
     443         1
     440         1
     437         1
     436         1
     430         1
     427         1
     424         2
     423         2
     419         1
     411         1
     410         2
     408         2
     402         1
     401         1
     388         1
     378         1
     374         1
     373         1
     372         1
     370         1
     367         1
     365         1
     358         2
     355         1
     345         1
     341         1
     339         1
     338         2
     324         1
     320         1
     316         2
     305         1
     302         1
     291         2
     283         1
     275         1
     268         1
     266         1
     262         1
     249         2
     247         1
     245         1
     236         1
     234         1
     232         1
     231         1
     230         1
     228         2
     220         1
     216         1
     205         1
     201         1
     197         1
     194         1
     193         1
     190         2
     187         1
     175         1
     166         1
     164         1
     141         1
     138         1
     135         1
     123         1
     121         1
     116         1
     111         1
     101         1
      99         2
      87         1
      86         1
      77         1
      75         1
      73         1
      70         1
      66         2
      62         2
      54         1
      53         1
      51         1
      47         1
      43         1
      40         1
      27         1
      17         1
      12         1
'BPP    60'
     144
    1000
     696         1
     690         1
     687         1
     681         1
     679         2
     678         1
     677         1
     676         1
     675         1
     665         1
     658         1
     651         2
     650         1
     645         2
     644         1
     642         1
     640         2
     636         1
     635         1
     631         1
     630         1
     629         1
     616         1
     610         1
     609         1
     607         1
     598         1
     596         1
     595         1
     589         1
     579         1
     578         1
     574         1
     571         1
     570         1
     559         1
     556         1
     555         1
     553         1
     551         1
     545         1
     536         1
     534         1
     530         2
     522         1
     514         1
     510         1
     503         1
     501         1
     496         1
     493         2
     491         1
     488         1
     487         1
     482         1
     476         1
     471         1
     470         1
     465         1
     460         1
     456         1
     455         1
     454         2
     451         1
     444         1
     442         1
     440         1
     439         1
     436         1
     435         1
     434         1
     428         1
     427         1
     424         1
     420         1
     408         1
     403         2
     394         1
     391         1
     385         1
     382         1
     377         2
     374         1
     365         1
     357         2
     355         1
     341         1
     329         1
     328         2
     327         1
     318         1
     312         1
     300         1
     297         1
     294         1
     291         1
     290         1
     284         1
     281         1
     277         2
     265         1
     257         1
     248         1
     245         1
     244         1
     242         1
     236         1
     230         1
     227         1
     225         1
     201         1
     196         1
     191         1
     172         1
     165         1
     164         1
     160         1
     158         1
     157         1
     154         1
     146         1
     145         2
     141         1
     139         1
     136         1
     128         1
     126         1
     123         2
     120         1
     116         1
     111         1
     109         1
     108         1
     105         2
     101         1
      90         1
      88         2
      85         1
      80         1
      77         1
      72         1
      65         1
      64         1
      53         1
'BPP    13'
     161
    1000
     698         1
     691         1
     690         1
     689         1
     686         1
     681         1
     676         1
     675         1
     674         1
     666         1
     662         1
     660         1
     653         1
     652         1
     651         2
     649         1
     641         1
     636         1
     635         1
     634         1
     629         1
     628         2
     626         1
     624         1
     621         3
     620         1
     616         1
     611         1
     610         1
     603         1
     602         1
     600         2
     596         2
     590         1
     587         1
     585         1
     578         1
     577         1
     572         1
     569         1
     566         1
     561         1
     559         1
     555         1
     548         1
     545         1
     541         1
     539         1
     538         1
     534         2
     532         1
     531         1
     529         1
     527         1
     521         1
     519         1
     499         1
     497         1
     496         1
     495         2
     483         1
     480         1
     478         1
     475         1
     471         1
     461         1
     460         1
     459         1
     458         1
     444         1
     435         1
     432         1
     426         1
     423         2
     420         1
     414         2
     411         1
     392         2
     391         1
     390         1
     386         1
     385         1
     381         1
     378         1
     376         1
     365         1
     353         1
     341         1
     335         1
     332         1
     331         1
     325         1
     317         1
     316         1
     315         1
     304         1
     303         1
     300         1
     298         1
     297         1
     292         2
     282         1
     281         1
     268         1
     262         1
     251         1
     246         1
     230         1
     227         1
     216         1
     214         1
     201         2
     197         1
     194         1
     190         1
     189         1
     188         1
     183         1
     181         1
     179         1
     176         1
     173         1
     169         2
     168         1
     167         1
     160         1
     159         1
     156         1
     151         1
     144         1
     130         1
     128         1
     126         1
     124         1
     122         1
     110         1
     107         1
     100         1
      96         2
      95         1
      88         1
      85         2
      84         1
      83         1
      79         3
      76         1
      73         1
      72         1
      69         1
      65         1
      62         1
      56         1
      55         1
      51         1
      47         1
      36         2
      32         1
      30         1
      29         1
      28         1
       1         1
'BPP   195'
     161
    1000
     698         1
     696         1
     695         1
     694         1
     690         1
     686         1
     685         1
     681         2
     675         1
     672         1
     671         2
     670         1
     667         1
     665         1
     660         1
     656         1
     647         1
     645         2
     639         1
     634         1
     622         2
     617         1
     614         1
     610         1
     598         1
     596         1
     592         1
     588         1
     587         1
     586         1
     585         1
     582         1
     575         1
     574         1
     572         1
     558         1
     557         1
     555         1
     550         2
     531         1
     526         1
     523         1
     516         1
     515         1
     514         1
     508         1
     505         1
     498         1
     497         2
     496         1
     495         2
     492         1
     485         1
     481         1
     475         1
     472         1
     468         1
     467         1
     466         2
     465         1
     453         1
     447         1
     446         1
     440         1
     435         2
     433         1
     423         1
     416         1
     415         1
     413         1
     409         1
     399         1
     391         1
     389         1
     388         1
     385         1
     379         1
     377         1
     374         1
     373         1
     372         1
     367         1
     361         1
     359         1
     358         1
     351         1
     346         1
     339         1
     333         1
     327         1
     325         2
     322         1
     320         1
     312         1
     305         1
     298         1
     294         1
     293         1
     291         1
     283         2
     279         1
     274         1
     270         1
     256         1
     252         1
     251         1
     243         1
     240         2
     229         1
     218         1
     216         2
     215         1
     209         1
     205         1
     195         1
     193         1
     189         1
     186         1
     178         1
     170         1
     169         1
     164         1
     162         1
     160         1
     157         1
     152         1
     147         1
     139         1
     137         1
     131         1
     117         1
     112         1
     109         1
     106         1
     105         1
     102         2
      97         2
      95         1
      91         1
      84         1
      83         1
      78         1
      69         1
      68         1
      67         1
      61         2
      58         1
      54         1
      51         1
      44         1
      36         2
      35         1
      26         1
      24         2
      21         1
      20         2
      16         1
      15         1
      12         1
       4         1
       1         1
'BPP   709'
     160
    1000
     697         1
     688         1
     687         1
     682         1
     680         1
     677         1
     676         1
     673         1
     671         1
     664         1
     663         1
     661         1
     650         1
     646         1
     644         1
     636         1
     630         1
     626         1
     624         1
     616         1
     608         2
     607         1
     606         1
     601         1
     599         1
     593         1
     585         1
     584         1
     579         1
     578         2
     573         1
     572         1
     570         1
     566         2
     565         1
     555         1
     552         1
     543         2
     540         1
     535         1
     532         2
     530         1
     528         1
     525         1
     517         1
     516         1
     514         1
     512         1
     511         1
     509         1
     508         1
     506         1
     499         1
     498         1
     491         1
     489         1
     481         1
     475         1
     474         1
     470         1
     465         1
     464         1
     455         1
     454         1
     453         1
     444         1
     443         1
     439         2
     432         1
     428         1
     425         1
     423         1
     421         1
     420         2
     414         1
     410         1
     409         1
     407         1
     405         1
     400         2
     398         1
     395         1
     393         1
     390         1
     379         1
     372         1
     368         1
     364         1
     361         1
     357         1
     356         1
     346         1
     343         1
     341         1
     339         1
     334         1
     328         1
     326         1
     325         1
     323         1
     321         1
     310         2
     308         1
     306         1
     304         1
     301         1
     299         1
     292         1
     288         2
     281         1
     275         1
     274         1
     272         1
     270         2
     267         1
     264         1
     253         1
     228         1
     226         1
     222         2
     211         1
     203         1
     202         3
     198         2
     189         2
     183         1
     180         1
     178         1
     177         1
     172         1
     170         1
     168         1
     155         1
     153         1
     152         1
     145         1
     139         1
     137         1
     135         1
     118         1
     116         1
     113         1
     106         1
     105         2
      98         1
      88         1
      77         1
      76         3
      67         1
      63         1
      60         1
      50         1
      46         2
      45         1
      44         1
      38         1
      27         1
      16         1
      14         1
       9         1
'BPP   785'
     163
    1000
     699         1
     694         1
     692         3
     684         1
     682         1
     680         1
     679         1
     674         1
     668         1
     667         1
     665         1
     663         1
     650         1
     649         1
     647         1
     646         1
     645         1
     644         1
     638         1
     634         1
     630         1
     627         2
     623         1
     614         1
     609         1
     606         1
     603         1
     599         1
     596         1
     592         1
     588         1
     587         1
     585         1
     579         1
     572         1
     571         1
     569         1
     564         1
     562         1
     557         2
     556         2
     555         1
     552         1
     548         1
     546         1
     545         1
     542         1
     537         1
     531         1
     528         1
     527         1
     525         1
     521         1
     520         1
     518         1
     516         1
     511         1
     506         2
     500         1
     498         1
     495         1
     487         1
     479         1
     478         1
     469         1
     460         1
     455         1
     450         1
     449         1
     447         1
     444         1
     443         1
     438         1
     435         1
     433         1
     426         1
     425         1
     423         1
     419         2
     414         1
     411         1
     404         1
     403         1
     396         1
     395         2
     393         1
     389         1
     386         1
     376         1
     362         1
     360         1
     358         1
     356         1
     350         1
     347         1
     336         1
     332         1
     319         1
     318         1
     315         1
     311         2
     310         3
     309         1
     308         1
     300         2
     280         1
     275         1
     274         1
     263         1
     259         1
     257         1
     251         1
     249         1
     237         1
     225         1
     217         2
     206         2
     203         1
     198         1
     195         1
     192         1
     190         1
     185         1
     184         1
     179         1
     175         1
     167         1
     163         1
     159         2
     154         1
     152         1
     149         1
     141         1
     140         1
     129         1
     127         1
     125         1
     122         2
     112         1
     111         1
     109         1
     107         1
     102         1
      89         1
      88         1
      87         1
      85         1
      77         1
      75         2
      68         1
      62         1
      55         1
      51         1
      48         1
      42         1
      41         1
      37         1
      36         1
      34         1
      28         1
      25         1
       6         1
       5         1
'BPP    47'
     158
    1000
     783         2
     782         1
     780         1
     774         2
     768         1
     764         1
     757         1
     753         1
     751         1
     750         1
     748         1
     743         2
     718         1
     713         1
     712         1
     706         1
     705         1
     695         1
     688         1
     686         1
     685         1
     684         1
     675         1
     674         2
     673         1
     671         1
     666         2
     665         1
     647         1
     641         1
     638         2
     637         1
     634         1
     629         1
     613         2
     604         1
     600         1
     599         1
     593         1
     588         1
     584         1
     570         1
     569         2
     567         1
     565         1
     556         1
     552         1
     549         1
     548         1
     545         1
     544         1
     538         1
     525         1
     524         2
     523         1
     505         1
     504         1
     501         1
     496         1
     493         1
     490         1
     487         1
     486         1
     485         1
     481         1
     476         1
     471         1
     470         1
     468         1
     463         1
     460         1
     457         1
     454         1
     444         1
     443         3
     439         1
     438         1
     436         1
     434         1
     431         1
     426         1
     422         1
     419         1
     412         1
     395         1
     380         1
     366         1
     354         1
     340         1
     334         1
     324         2
     323         1
     320         1
     317         1
     316         1
     309         1
     301         1
     299         1
     290         1
     288         1
     286         1
     272         1
     271         1
     264         1
     253         2
     239         2
     231         3
     226         2
     214         2
     204         1
     189         1
     184         1
     177         1
     174         1
     172         1
     169         2
     168         1
     163         1
     160         1
     152         1
     149         1
     144         1
     142         1
     137         1
     135         1
     123         1
     122         1
     121         1
     120         2
     113         1
     109         1
     108         1
     106         1
     105         1
     103         1
     100         1
      98         1
      97         1
      94         1
      92         1
      90         2
      86         1
      84         1
      74         1
      66         1
      64         1
      59         1
      56         1
      54         1
      51         1
      46         1
      43         1
      40         1
      38         1
      36         1
      16         1
      14         2
       3         1
'BPP   181'
     157
    1000
     799         1
     797         1
     793         1
     776         2
     770         1
     758         1
     755         2
     752         1
     750         1
     745         1
     736         1
     733         1
     721         1
     714         2
     713         1
     711         1
     706         1
     703         1
     702         1
     699         1
     697         1
     684         1
     680         1
     679         1
     673         1
     666         2
     665         1
     661         1
     660         1
     659         1
     651         1
     648         1
     646         1
     641         1
     639         1
     629         1
     623         1
     620         1
     615         1
     610         2
     603         2
     597         1
     583         2
     577         1
     572         2
     561         1
     554         1
     548         1
     545         1
     536         1
     532         1
     531         1
     525         2
     523         1
     522         1
     513         1
     503         1
     496         1
     494         1
     481         1
     477         1
     472         1
     471         1
     468         1
     458         1
     457         2
     455         1
     451         1
     436         1
     434         1
     432         1
     429         1
     412         1
     411         1
     407         2
     401         1
     399         1
     397         1
     393         1
     391         1
     387         1
     376         1
     372         2
     368         1
     363         1
     358         1
     354         1
     352         1
     348         1
     342         1
     340         1
     328         1
     327         1
     326         2
     318         1
     317         1
     313         1
     309         1
     307         2
     305         2
     297         1
     296         1
     292         1
     287         1
     281         1
     279         1
     278         2
     276         2
     267         1
     265         1
     257         1
     255         1
     239         1
     229         1
     219         1
     215         1
     214         1
     210         1
     202         1
     201         2
     200         1
     199         1
     197         1
     183         2
     172         1
     171         1
     169         1
     158         1
     144         1
     128         1
     127         1
     123         1
     120         2
     118         1
     109         1
     108         1
     103         1
     101         1
      99         1
      94         1
      82         1
      79         1
      66         2
      65         1
      63         1
      51         2
      45         1
      41         1
      39         1
      36         1
      34         1
      32         1
      30         2
      23         1
      22         1
      20         1
       7         1
'BPP   359'
     164
    1000
     798         1
     790         2
     785         1
     779         1
     776         1
     774         1
     769         1
     766         1
     765         1
     764         1
     759         1
     755         1
     752         1
     748         1
     746         1
     738         1
     734         1
     731         1
     713         1
     710         3
     703         1
     699         1
     696         1
     691         1
     690         1
     686         1
     671         1
     670         1
     669         1
     666         1
     663         1
     660         1
     657         1
     647         1
     646         1
     643         1
     638         1
     632         1
     629         1
     623         1
     613         1
     603         1
     602         1
     601         1
     598         1
     597         1
     593         1
     588         1
     574         1
     566         1
     562         1
     554         1
     553         2
     551         1
     541         1
     535         1
     532         1
     529         1
     528         1
     521         1
     519         1
     501         1
     498         1
     483         1
     480         1
     478         1
     477         1
     467         1
     466         1
     464         2
     462         1
     458         1
     456         1
     447         1
     444         1
     441         1
     440         1
     436         2
     427         1
     426         1
     425         2
     424         1
     423         1
     418         1
     413         2
     402         1
     398         1
     389         1
     383         1
     382         1
     379         2
     378         1
     377         2
     372         1
     367         1
     365         1
     360         1
     359         1
     358         1
     353         1
     344         1
     339         1
     336         1
     331         1
     319         1
     318         1
     317         1
     316         1
     299         1
     294         1
     284         1
     283         1
     278         1
     276         1
     275         1
     266         1
     258         1
     255         1
     254         1
     252         2
     247         1
     242         1
     235         1
     232         1
     231         1
     229         1
     228         1
     222         1
     213         1
     212         1
     207         1
     205         1
     196         1
     195         2
     192         1
     184         1
     183         1
     181         1
     164         1
     158         1
     155         1
     149         1
     141         1
     138         1
     136         1
     134         1
     132         1
     124         1
      97         1
      87         2
      83         1
      76         1
      72         1
      71         3
      70         2
      69         1
      58         1
      53         1
      51         1
      38         1
      33         1
      31         1
      28         1
       5         1
'BPP   485'
     163
    1000
     800         1
     796         1
     790         1
     788         1
     784         1
     782         2
     780         1
     777         1
     765         2
     759         1
     758         1
     756         1
     752         1
     751         1
     747         1
     742         1
     740         1
     717         1
     713         1
     706         1
     705         1
     702         1
     697         1
     694         1
     693         1
     688         1
     675         1
     661         1
     657         1
     654         2
     651         1
     645         1
     644         1
     639         1
     633         2
     631         1
     627         1
     621         1
     612         1
     607         1
     606         1
     600         2
     594         1
     586         2
     584         1
     581         1
     579         1
     577         1
     574         2
     570         1
     569         1
     559         1
     548         1
     541         1
     540         1
     539         1
     529         1
     523         1
     506         1
     505         1
     504         1
     482         1
     467         1
     455         1
     452         1
     450         2
     446         1
     445         1
     444         2
     423         1
     421         1
     416         1
     414         1
     406         1
     405         2
     404         1
     403         1
     400         1
     396         1
     395         1
     392         1
     380         1
     379         1
     376         1
     359         1
     357         1
     355         1
     351         1
     345         1
     342         1
     338         1
     335         1
     322         1
     317         1
     316         1
     307         1
     305         1
     289         1
     287         1
     286         1
     282         1
     277         1
     276         1
     272         1
     267         1
     266         1
     264         1
     263         1
     258         1
     256         1
     253         1
     249         1
     245         1
     244         1
     243         1
     240         2
     237         2
     226         1
     224         2
     222         1
     218         1
     208         1
     200         1
     197         1
     190         1
     188         1
     182         1
     161         1
     159         1
     149         1
     141         1
     138         1
     132         1
     128         1
     127         1
     126         1
     124         1
     119         1
     117         1
     116         1
     103         2
      91         1
      90         1
      77         2
      70         1
      68         1
      59         2
      58         1
      55         1
      54         1
      47         1
      43         1
      42         1
      28         2
      27         1
      17         1
      14         1
      13         1
      10         1
       9         1
       8         1
       5         1
       1         1
'BPP   640'
     165
    1000
     800         1
     784         1
     783         1
     779         1
     777         1
     776         1
     773         1
     769         1
     766         2
     763         1
     758         2
     757         1
     748         1
     742         1
     740         1
     730         1
     728         1
     726         1
     720         1
     719         1
     715         1
     714         1
     707         1
     703         1
     697         1
     694         1
     680         1
     672         1
     671         1
     666         1
     663         1
     658         1
     656         2
     654         1
     653         1
     639         1
     637         2
     636         1
     634         1
     619         1
     615         1
     614         1
     612         1
     606         2
     604         1
     600         1
     596         1
     590         1
     585         1
     581         1
     580         1
     578         1
     576         1
     568         1
     566         1
     564         1
     551         1
     549         1
     542         2
     540         1
     531         1
     530         2
     508         1
     505         1
     499         1
     495         1
     494         1
     487         1
     485         1
     482         1
     472         1
     470         2
     469         1
     468         1
     456         1
     450         1
     447         1
     428         1
     421         1
     409         1
     402         1
     397         1
     394         1
     384         1
     383         1
     373         1
     371         1
     370         1
     366         1
     364         2
     361         1
     354         1
     350         1
     344         1
     342         1
     341         2
     321         1
     315         1
     314         1
     308         1
     306         1
     297         1
     296         1
     295         1
     285         1
     284         1
     269         1
     267         1
     262         2
     261         1
     254         1
     251         1
     246         1
     244         2
     240         1
     238         1
     237         1
     232         1
     222         1
     221         1
     220         1
     219         1
     217         1
     205         1
     199         1
     198         1
     196         1
     195         1
     193         1
     191         1
     182         1
     180         1
     177         1
     176         1
     168         1
     157         1
     156         2
     152         1
     151         1
     146         1
     145         1
     124         1
     123         1
     122         1
     103         1
      99         2
      92         1
      90         1
      86         2
      78         1
      69         1
      68         1
      66         1
      65         1
      62         1
      58         1
      55         1
      46         1
      39         1
      33         1
      25         1
      22         1
      20         1
      15         1
      12         1
'BPP   716'
     158
    1000
     799         1
     791         1
     786         2
     781         1
     776         1
     771         1
     768         1
     767         1
     764         1
     755         1
     750         1
     749         1
     748         1
     747         2
     743         1
     738         1
     735         1
     734         1
     724         1
     721         1
     720         1
     705         1
     704         1
     703         1
     701         1
     698         1
     697         1
     692         1
     689         1
     685         1
     677         1
     672         1
     670         2
     667         1
     665         1
     650         1
     645         1
     637         1
     631         1
     627         1
     625         1
     623         1
     615         1
     606         1
     605         1
     601         1
     592         1
     586         1
     584         1
     582         1
     581         1
     578         2
     577         1
     573         1
     566         1
     555         1
     553         1
     546         1
     545         1
     544         1
     540         1
     533         1
     529         1
     523         1
     518         1
     517         1
     505         1
     500         2
     491         1
     486         2
     465         1
     461         2
     458         2
     447         1
     440         1
     439         1
     438         1
     436         1
     433         1
     431         1
     428         1
     415         2
     411         2
     406         1
     392         1
     390         1
     389         2
     386         1
     385         1
     384         1
     382         1
     381         1
     376         1
     375         1
     372         1
     368         1
     355         1
     350         1
     349         2
     348         1
     335         1
     329         1
     328         1
     326         1
     325         1
     321         1
     313         1
     295         1
     293         1
     292         2
     278         2
     275         1
     272         1
     258         1
     257         1
     256         1
     252         1
     251         1
     250         1
     243         1
     222         1
     220         1
     218         1
     217         1
     216         1
     199         1
     193         1
     192         1
     164         1
     154         1
     153         1
     146         1
     142         1
     132         1
     131         2
     127         1
     125         2
     120         1
     119         1
     106         1
     104         3
      90         1
      79         1
      74         1
      67         1
      66         1
      63         1
      55         1
      50         1
      49         2
      47         1
      29         2
      22         1
      21         2
      15         1
      13         1
       9         1
       6         2
'BPP   119'
     173
    1000
     697         1
     695         1
     693         2
     690         1
     687         1
     686         1
     685         1
     683         1
     682         1
     681         1
     680         1
     676         2
     674         1
     673         2
     671         1
     670         1
     668         1
     665         1
     648         1
     644         1
     640         2
     635         1
     627         1
     625         1
     624         1
     620         1
     618         1
     616         2
     611         1
     609         3
     608         1
     603         1
     602         1
     598         1
     588         1
     579         2
     577         3
     572         1
     565         1
     564         1
     563         1
     559         2
     544         1
     543         1
     542         1
     541         1
     530         1
     527         1
     523         1
     521         1
     515         1
     509         1
     508         2
     507         1
     499         3
     498         1
     491         1
     483         1
     470         1
     464         1
     460         1
     459         1
     455         1
     453         1
     446         2
     444         2
     436         1
     433         1
     430         1
     429         1
     428         1
     425         1
     422         1
     418         2
     413         1
     409         1
     406         1
     404         1
     402         1
     401         1
     400         1
     399         1
     398         1
     385         1
     382         1
     381         1
     379         1
     371         1
     364         2
     354         1
     353         1
     342         1
     336         1
     335         1
     331         1
     329         1
     323         1
     322         1
     315         1
     314         1
     311         2
     309         1
     308         1
     307         1
     303         1
     296         1
     287         2
     284         1
     275         1
     274         1
     273         1
     272         1
     269         1
     266         1
     265         1
     262         1
     250         1
     248         1
     246         1
     244         1
     240         1
     239         1
     234         1
     226         2
     225         1
     217         2
     207         2
     205         1
     194         1
     193         1
     190         1
     189         2
     187         1
     185         1
     181         1
     177         1
     174         1
     173         1
     172         1
     170         2
     161         1
     159         1
     155         1
     154         1
     151         1
     140         1
     138         1
     133         1
     132         1
     114         1
     113         1
     111         1
     109         1
     101         1
      99         2
      97         2
      94         1
      92         1
      90         1
      80         1
      77         1
      69         1
      68         1
      67         1
      64         1
      62         1
      51         1
      39         1
      36         1
      21         1
      17         1
      14         1
       2         1
'BPP   144'
     173
    1000
     699         2
     696         1
     694         1
     693         1
     692         1
     691         1
     690         1
     689         1
     688         1
     682         1
     681         1
     679         2
     673         2
     671         1
     664         1
     662         1
     661         1
     655         1
     652         1
     649         1
     646         1
     640         1
     638         1
     618         1
     617         1
     602         1
     590         1
     587         1
     586         2
     584         1
     582         1
     568         1
     567         1
     563         1
     560         1
     558         1
     553         1
     548         1
     539         2
     536         2
     532         2
     529         1
     526         2
     522         1
     521         1
     517         1
     516         1
     514         1
     513         1
     510         1
     507         1
     505         1
     502         1
     498         1
     495         1
     493         1
     491         1
     485         1
     482         1
     477         1
     475         1
     474         1
     465         1
     456         1
     454         1
     453         1
     450         1
     442         1
     441         1
     440         1
     439         1
     437         2
     434         1
     424         1
     422         1
     419         1
     415         1
     407         1
     404         1
     401         1
     399         1
     395         2
     393         1
     391         1
     386         1
     384         1
     382         1
     381         1
     368         1
     354         1
     353         1
     348         1
     344         1
     343         3
     336         2
     328         2
     324         2
     321         1
     319         2
     304         1
     302         1
     301         1
     300         1
     296         1
     295         1
     284         1
     281         1
     280         1
     279         1
     275         2
     271         1
     267         1
     260         1
     257         1
     253         1
     248         1
     245         1
     243         1
     239         1
     238         2
     237         1
     233         1
     226         1
     225         1
     222         2
     218         1
     217         1
     216         2
     212         1
     211         1
     206         1
     204         1
     201         1
     197         1
     189         1
     188         1
     187         1
     186         1
     181         1
     176         1
     173         1
     167         1
     165         1
     163         1
     158         1
     153         1
     146         2
     142         1
     135         1
     127         1
     126         1
     124         1
     119         1
     115         2
     114         1
     107         1
     105         1
     104         1
      96         2
      94         2
      79         1
      61         1
      55         1
      54         1
      44         2
      33         1
      31         1
      28         2
      18         1
      15         2
      12         1
      11         1
       9         1
'BPP   561'
     177
    1000
     700         1
     699         1
     697         1
     693         1
     692         1
     688         1
     684         1
     681         1
     672         2
     670         1
     669         1
     666         2
     665         1
     661         1
     656         1
     654         1
     652         1
     650         1
     647         1
     638         1
     631         1
     628         1
     626         1
     625         1
     624         1
     621         1
     617         1
     614         2
     607         1
     603         2
     598         1
     595         1
     592         1
     588         1
     584         1
     581         1
     580         1
     553         1
     552         1
     543         1
     542         1
     540         1
     539         1
     537         2
     529         1
     527         1
     525         1
     521         1
     520         1
     519         1
     513         1
     508         2
     500         1
     499         1
     494         1
     491         1
     481         1
     472         2
     468         1
     463         2
     462         1
     456         1
     454         1
     453         1
     452         1
     451         1
     450         1
     449         1
     448         1
     442         1
     439         1
     429         1
     427         1
     421         1
     419         2
     413         2
     412         1
     406         1
     398         1
     388         2
     375         1
     366         1
     364         1
     361         1
     353         1
     352         1
     351         1
     348         1
     347         1
     344         1
     342         1
     338         1
     336         1
     334         1
     331         2
     329         1
     321         1
     319         1
     318         1
     317         1
     314         1
     313         2
     304         2
     303         1
     302         1
     293         1
     292         1
     282         1
     281         1
     280         1
     276         1
     266         1
     260         2
     259         1
     258         1
     256         1
     253         1
     252         1
     241         1
     231         1
     229         1
     226         2
     225         1
     216         1
     214         1
     211         1
     201         1
     200         1
     198         1
     197         1
     195         1
     193         1
     190         1
     186         1
     185         2
     179         1
     176         1
     170         1
     169         1
     168         2
     158         1
     153         1
     148         1
     142         1
     140         1
     139         1
     138         1
     135         3
     134         1
     133         1
     131         1
     130         1
     124         1
     116         1
     114         1
     111         1
     106         1
     104         1
     102         1
     101         1
      99         1
      89         3
      88         1
      86         1
      85         1
      78         1
      69         1
      63         1
      47         1
      45         2
      32         1
      23         1
      22         1
      17         1
      10         1
       3         1
       1         1
'BPP   781'
     174
    1000
     700         1
     698         1
     691         1
     687         1
     682         1
     679         1
     677         1
     667         2
     666         1
     663         1
     654         2
     653         3
     652         1
     648         1
     646         1
     645         1
     644         1
     639         1
     631         2
     630         1
     628         1
     627         1
     626         1
     624         1
     619         1
     611         1
     610         1
     608         1
     603         1
     599         1
     598         1
     595         1
     592         1
     586         1
     579         1
     568         1
     567         1
     562         1
     557         1
     556         1
     554         2
     553         2
     550         1
     543         1
     541         1
     535         2
     534         1
     533         1
     532         1
     531         2
     527         1
     524         1
     520         1
     519         1
     518         1
     517         1
     515         1
     510         1
     509         1
     508         1
     498         1
     492         1
     479         1
     477         1
     473         1
     469         1
     465         1
     463         2
     457         1
     451         1
     447         1
     437         1
     432         1
     419         1
     418         1
     415         1
     407         1
     405         1
     403         1
     400         2
     393         1
     391         1
     390         2
     388         2
     363         1
     357         1
     354         1
     350         1
     348         1
     347         1
     342         1
     339         1
     333         1
     330         1
     325         1
     321         1
     308         1
     303         3
     301         1
     300         1
     285         1
     281         1
     277         1
     274         1
     271         1
     270         1
     268         1
     258         1
     256         2
     253         1
     250         1
     248         1
     244         1
     229         1
     223         1
     221         1
     220         1
     218         2
     210         1
     209         1
     208         1
     206         2
     196         1
     193         1
     188         1
     186         1
     185         3
     177         1
     172         1
     167         1
     160         1
     157         1
     149         1
     148         1
     147         1
     145         1
     144         2
     143         1
     130         1
     128         1
     125         1
     120         1
     118         1
     105         1
     100         1
      99         1
      98         1
      96         1
      94         1
      92         1
      89         1
      86         1
      85         1
      83         1
      80         1
      73         1
      69         3
      63         1
      62         1
      55         1
      53         1
      52         1
      42         1
      39         1
      33         1
      22         1
      20         2
      19         2
      15         1
      10         1
       9         1
       8         1
       6         1
       3         2
'BPP   900'
     173
    1000
     699         1
     698         1
     695         3
     693         1
     677         1
     665         1
     663         1
     658         1
     656         1
     654         1
     647         1
     644         1
     643         2
     639         1
     638         1
     636         1
     630         1
     622         1
     618         1
     613         3
     610         1
     608         1
     599         2
     598         1
     597         3
     592         1
     591         1
     587         2
     584         1
     580         1
     577         1
     576         1
     570         1
     566         1
     565         2
     564         1
     561         1
     558         1
     556         1
     553         1
     550         1
     542         2
     539         1
     535         1
     533         1
     532         1
     531         2
     529         1
     528         2
     526         1
     525         1
     523         1
     519         2
     512         1
     506         1
     500         1
     494         3
     491         1
     490         1
     486         1
     485         1
     484         1
     482         2
     475         1
     472         1
     460         1
     458         1
     436         1
     435         1
     433         1
     430         1
     428         1
     427         1
     426         1
     423         1
     415         1
     409         1
     407         1
     404         1
     402         1
     398         1
     396         1
     395         1
     392         1
     388         1
     384         1
     373         1
     372         1
     356         2
     355         1
     353         1
     352         1
     345         1
     332         2
     329         1
     318         1
     316         1
     315         1
     307         2
     306         1
     292         1
     289         1
     288         1
     287         1
     286         1
     285         2
     283         2
     282         1
     280         1
     279         1
     272         1
     268         1
     263         1
     261         1
     256         1
     250         2
     246         1
     245         1
     244         1
     243         1
     237         1
     233         1
     223         1
     214         1
     213         1
     212         1
     211         2
     208         1
     203         1
     199         1
     191         1
     186         1
     184         1
     176         1
     175         1
     166         1
     158         1
     157         1
     153         1
     146         1
     144         1
     143         2
     142         1
     135         1
     131         1
     123         2
     122         1
     120         2
     119         1
     115         1
     114         1
     111         1
     107         1
     105         1
     101         1
      99         1
      95         1
      91         1
      84         1
      67         1
      65         1
      47         1
      45         1
      38         1
      32         1
      30         1
      13         1
      11         1
      10         1
       8         1
       7         1
       6         1
       4         1
'BPP   175'
     185
    1000
     798         2
     793         1
     790         1
     787         2
     772         1
     756         1
     750         1
     749         1
     743         1
     742         1
     737         1
     734         1
     731         1
     726         1
     725         2
     723         1
     717         1
     704         1
     703         1
     696         1
     695         1
     693         1
     689         1
     688         1
     685         1
     682         1
     681         1
     675         1
     673         1
     671         2
     667         1
     647         2
     640         1
     638         1
     637         1
     636         1
     630         1
     629         1
     628         1
     622         1
     620         1
     614         1
     606         1
     605         1
     604         1
     592         1
     591         1
     590         1
     587         1
     582         1
     581         1
     580         1
     579         1
     573         2
     570         1
     568         1
     565         1
     563         1
     561         1
     558         1
     556         1
     551         1
     547         1
     546         1
     540         1
     535         1
     525         1
     522         1
     518         1
     504         1
     501         2
     499         1
     497         1
     495         1
     493         1
     487         1
     482         1
     480         1
     479         1
     476         1
     475         1
     474         1
     473         1
     472         2
     466         1
     465         1
     462         1
     457         1
     453         1
     437         1
     436         1
     435         1
     434         1
     432         1
     431         1
     430         1
     428         1
     423         1
     417         2
     416         1
     408         1
     405         1
     366         1
     365         1
     364         1
     363         1
     362         2
     356         1
     355         1
     352         1
     351         2
     349         1
     346         1
     339         1
     329         1
     314         1
     312         1
     311         1
     310         1
     305         1
     303         1
     292         1
     288         2
     282         1
     281         1
     280         1
     279         1
     275         1
     271         1
     268         1
     256         1
     250         1
     247         1
     243         1
     239         1
     228         1
     222         1
     217         1
     212         1
     208         1
     206         1
     203         1
     202         1
     200         1
     195         1
     194         1
     187         1
     185         1
     178         1
     177         3
     171         1
     165         1
     155         1
     153         1
     152         1
     141         1
     137         1
     135         1
     133         1
     131         1
     130         1
     124         1
     122         1
     117         1
     109         1
      93         1
      76         1
      75         1
      72         1
      67         1
      60         1
      57         1
      53         2
      49         1
      44         1
      41         1
      40         1
      39         1
      27         1
      25         1
      21         1
      19         1
      18         1
      17         1
       5         1
'BPP   178'
     178
    1000
     794         1
     793         1
     790         1
     786         1
     772         1
     764         1
     756         1
     743         1
     742         1
     740         2
     736         2
     732         1
     724         2
     723         1
     713         1
     712         1
     709         1
     704         1
     703         1
     700         1
     699         1
     692         1
     691         2
     678         1
     677         1
     673         1
     667         1
     662         2
     659         1
     658         1
     646         1
     644         1
     640         1
     637         1
     635         1
     633         1
     629         1
     628         1
     625         1
     622         1
     617         1
     613         1
     612         1
     608         2
     605         1
     602         1
     595         2
     583         1
     580         1
     572         1
     568         1
     558         1
     541         1
     535         1
     531         1
     523         1
     521         1
     519         1
     518         3
     517         2
     515         1
     512         1
     509         1
     506         2
     504         1
     494         1
     487         2
     485         1
     482         1
     476         1
     471         1
     469         1
     468         1
     466         1
     462         1
     459         1
     447         1
     446         1
     443         1
     436         1
     431         1
     423         2
     419         1
     416         1
     415         1
     408         1
     407         1
     400         1
     399         1
     396         1
     395         1
     387         1
     371         1
     370         2
     369         1
     365         1
     363         1
     360         1
     355         1
     354         1
     347         1
     346         1
     345         1
     337         1
     336         1
     334         1
     328         1
     321         1
     313         1
     312         1
     292         1
     278         2
     276         1
     275         1
     266         1
     257         1
     254         1
     252         1
     250         2
     249         1
     246         1
     242         1
     240         1
     233         2
     232         1
     226         1
     223         1
     221         1
     220         1
     214         1
     213         1
     212         1
     210         1
     209         1
     208         1
     196         2
     189         1
     185         2
     184         1
     181         1
     179         1
     174         1
     171         1
     170         1
     168         1
     166         1
     164         1
     157         1
     147         1
     146         1
     141         1
     133         1
     123         1
     120         1
     119         1
     116         2
     104         1
     103         1
     102         1
      99         1
      94         1
      93         1
      72         1
      66         1
      61         3
      59         1
      55         1
      51         1
      50         1
      45         1
      44         1
      41         1
      36         1
      21         1
       9         1
       7         1
       4         1
       1         1
'BPP   419'
     189
    1000
     796         1
     792         1
     784         1
     782         1
     780         1
     779         1
     771         1
     770         1
     766         1
     764         1
     755         1
     749         1
     746         1
     745         1
     742         1
     738         1
     728         1
     725         1
     711         1
     709         1
     707         1
     703         1
     696         2
     695         1
     694         1
     689         1
     683         1
     680         1
     679         1
     677         1
     676         2
     674         1
     671         1
     654         1
     650         1
     648         1
     644         1
     641         1
     640         1
     638         1
     637         1
     635         1
     633         1
     625         1
     623         2
     612         1
     602         1
     600         1
     599         1
     590         1
     587         1
     586         1
     581         1
     578         1
     570         1
     568         1
     559         2
     551         1
     545         1
     535         1
     533         1
     528         1
     526         1
     522         1
     520         1
     516         1
     511         2
     510         1
     502         1
     501         1
     498         1
     494         1
     489         1
     480         1
     475         1
     470         1
     467         1
     460         1
     459         1
     452         1
     448         1
     446         1
     442         1
     441         1
     431         1
     430         1
     426         1
     425         1
     421         1
     419         1
     417         1
     416         1
     413         1
     412         1
     405         1
     402         1
     399         1
     397         1
     384         1
     382         1
     380         1
     379         1
     376         1
     374         1
     373         1
     372         1
     360         1
     359         1
     356         1
     346         1
     343         1
     341         1
     336         1
     322         2
     318         1
     317         1
     314         1
     310         1
     308         1
     306         1
     303         1
     299         1
     293         1
     279         1
     275         1
     266         1
     264         1
     258         1
     243         1
     235         1
     234         2
     233         1
     231         1
     224         1
     222         1
     214         2
     210         1
     208         1
     201         1
     200         1
     197         1
     191         1
     190         1
     189         1
     188         1
     185         1
     184         2
     181         1
     178         1
     175         1
     174         1
     173         1
     170         1
     163         1
     155         1
     152         1
     149         1
     143         1
     142         1
     140         1
     135         1
     134         1
     133         1
     130         1
     125         1
     122         1
     113         1
     110         1
     101         1
      96         1
      75         1
      72         1
      65         1
      62         1
      59         1
      58         2
      57         1
      54         1
      44         1
      43         1
      40         1
      38         2
      33         1
      29         1
      26         1
      17         1
       8         1
       7         1
       5         1
'BPP   531'
     175
    1000
     798         1
     795         1
     786         1
     782         1
     774         2
     773         1
     770         1
     765         1
     757         1
     753         1
     752         1
     750         1
     740         1
     737         2
     736         1
     729         1
     726         1
     722         1
     718         1
     715         1
     714         1
     711         1
     710         1
     708         1
     707         1
     688         1
     687         1
     681         1
     664         1
     651         1
     650         1
     630         2
     623         1
     622         1
     621         2
     620         1
     619         2
     616         1
     612         1
     608         1
     607         2
     606         1
     605         1
     603         1
     600         1
     593         1
     589         1
     586         1
     585         1
     580         1
     575         1
     567         1
     565         1
     564         1
     563         1
     560         1
     556         1
     555         1
     553         2
     550         3
     542         1
     536         2
     535         1
     527         1
     524         1
     523         1
     515         1
     509         1
     506         1
     504         1
     499         1
     498         2
     497         1
     493         1
     490         1
     489         1
     481         1
     479         1
     466         1
     464         1
     463         1
     462         2
     461         1
     454         1
     452         1
     434         1
     424         1
     423         1
     422         1
     421         1
     420         1
     419         1
     416         1
     415         1
     413         1
     410         1
     405         1
     399         1
     392         1
     391         1
     387         1
     384         1
     382         1
     377         3
     371         2
     364         1
     354         2
     347         1
     346         2
     341         1
     335         1
     333         1
     331         1
     324         1
     317         2
     311         1
     309         1
     308         1
     299         1
     295         1
     293         1
     283         1
     274         1
     270         1
     264         1
     256         1
     254         1
     251         1
     247         1
     244         1
     243         1
     230         1
     227         2
     215         1
     213         1
     209         1
     207         1
     204         2
     200         1
     198         1
     175         1
     144         1
     142         1
     141         1
     138         1
     129         1
     126         1
     124         1
     122         1
     121         2
     112         1
     110         1
     104         1
      92         1
      91         1
      83         1
      81         2
      79         1
      76         2
      75         1
      69         2
      68         1
      64         1
      53         1
      52         1
      50         1
      47         1
      37         1
      24         2
      23         1
      18         1
      14         1
      10         1
       9         1
       7         1
'BPP   814'
     179
    1000
     794         1
     793         1
     792         1
     790         1
     788         1
     787         1
     784         1
     780         1
     779         1
     776         1
     774         1
     772         1
     770         1
     767         1
     762         1
     758         1
     756         2
     753         1
     750         1
     747         1
     740         2
     729         1
     728         1
     724         1
     719         2
     710         1
     702         2
     693         1
     690         1
     686         1
     682         1
     669         1
     662         1
     656         1
     655         1
     653         1
     641         1
     637         1
     634         1
     633         2
     631         1
     628         1
     626         1
     625         1
     621         1
     610         1
     605         1
     600         1
     590         1
     583         1
     579         1
     578         2
     568         1
     567         1
     563         1
     562         2
     559         1
     552         1
     549         1
     548         1
     546         2
     542         1
     540         1
     533         1
     529         1
     524         1
     522         1
     521         2
     511         1
     500         1
     499         1
     492         2
     489         1
     486         1
     483         1
     466         2
     465         1
     463         1
     455         1
     451         1
     445         2
     431         1
     426         1
     424         1
     411         1
     410         1
     405         1
     404         1
     388         1
     379         2
     366         1
     364         1
     362         1
     361         1
     350         1
     348         1
     345         1
     344         1
     335         1
     327         2
     323         1
     321         1
     319         2
     315         1
     313         1
     312         1
     300         1
     296         1
     286         1
     285         1
     280         1
     277         1
     269         1
     267         1
     266         1
     262         1
     261         1
     243         2
     234         1
     232         1
     230         1
     228         1
     225         1
     219         1
     217         1
     215         1
     214         1
     208         1
     207         1
     202         1
     199         1
     195         1
     193         1
     186         2
     183         1
     180         1
     178         1
     176         1
     174         1
     173         1
     172         2
     168         1
     163         1
     161         1
     159         1
     158         1
     150         2
     148         1
     140         1
     138         1
     133         1
     126         1
     117         1
     116         1
     115         1
     111         1
     109         1
     106         1
     100         1
      97         1
      94         1
      92         1
      90         1
      84         1
      72         2
      71         2
      66         1
      53         1
      51         1
      49         1
      41         1
      40         1
      31         1
      28         1
      10         1
       7         1
       5         1
       3         1
       1         1

